00011100000000010000000010111000
00011100000000100000000011001100
01000010001000110001100000000000
01000010001001000010000000000000
01000010001001010010100000000000
01000010001001100011000000000000
10000100011100010000000000001111
10000100100000100000000000001111
10000100100100110000000000001111
00010100000000000000000000001101
11111111111111111111111111111111
11111111111111111111111111111110
11111111111111111111111111111101
00000000000000000000000000000001
00000000000000000000000000000010
00000000000000000000000000000100
11111111111111111111111111111100
00000000000000000000000000001010
00000000000000000000000000000111
00000000000000000000000000001001
00000000000000000000000000000001
00000000000000000000000000000000
11111111111111111111111111111111
00000000000000000000000000000001
11111111111111111111111111111111
00000000000000000000000000000000